1209.1,2658.8,36.7 2000.000 Charlie
265.1,-1261.1,28.3 8586.800 Station1
-724.0,-935.9,18.2 25718.000 Station6
1785.6,3330.7,40.4 29566.900 Station27
1208.7,2660.1,37.0 2000.000 Gary The Snail
1211.9,2658.4,36.7 2000.000 7-11
-1436.8,-276.7,45.4 7091.400 Station24
1208.6,-1402.5,34.4 14992.700 Station20
1208.3,2660.1,36.8 2000.000 one
624.6,266.4,102.1 2000.000 Echo
1209.7,2658.4,36.9 1860.300 Foxtrot
-2555.3,2334.3,32.2 29395.200 Station23
1581.0,3226.6,39.5 32000.000 Alpha
49.6,2779.0,57.0 2000.000 Charlie
1208.3,2660.6,36.8 2000.000 Cumbies
1210.4,2655.8,36.7 2000.000 one
1208.0,2660.0,36.9 2000.000 Shell
48.8,2778.1,57.1 2000.000 Alpha
1211.3,2656.5,36.6 2000.000 Echo
1210.3,2654.9,36.6 2000.000 Delta
1208.6,2660.2,36.9 1917.200 7-11
1208.1,2660.7,36.8 2000.000 Gas Station
1580.4,3229.0,39.5 12409.100 Station14
1208.3,2660.2,36.7 2000.000 Alpha
1208.7,2660.2,36.9 2000.000 Gary The Snail
264.0,2607.0,44.0 29404.400 Station19
48.9,2779.3,57.0 2000.000 one
-525.4,-1211.1,17.3 27644.400 Station17
1209.5,2662.7,36.9 2000.000 Alpha
1209.6,2660.2,36.8 2000.000 Alpha
48.9,2780.0,56.9 2000.000 Hess
-266.1,6139.9,30.5 32000.000 Foxtrot
155.3,6629.9,30.8 31854.700 Charlie
49.6,2779.1,57.0 30943.000 Station9
49.3,2780.1,57.0 2000.000 Bravo
1208.6,2660.1,36.9 2000.000 Bravo
-2096.7,-319.5,12.2 8667.400 Station12
49.4,2779.2,57.1 2000.000 Delta
1701.7,6416.5,31.8 11022.800 Station7
1210.6,2655.9,36.6 2000.000 Cumbies
621.0,268.9,102.3 14460.400 Station8
1208.0,2660.4,36.9 2000.000 7-11
1208.9,2658.8,36.7 2000.000 Hess
-94.2,6419.7,30.6 32216.100 Station4
1208.8,2661.1,36.7 2000.000 Hess
256.4,-1268.6,28.3 4998.300 Foxtrot
1208.0,2659.9,36.9 3915.700 Station3
-1799.8,803.2,137.7 31284.600 Station2
-2100.1,-324.1,12.2 2000.000 Bravo
49.7,2779.0,57.1 2000.000 Echo
1209.6,2662.2,36.9 2000.000 Charlie
48.3,2778.7,56.9 2000.000 Shell
1208.7,2660.1,36.9 2000.000 Moble
179.7,6604.9,31.1 1409.400 Station10
1209.8,2661.6,36.9 2000.000 7-11
-705.3,-1465.0,4.0 33932.200 Foxtrot
1687.3,4929.7,41.2 29116.400 Station22
1039.3,2671.2,38.7 31434.700 Station15
49.5,2779.9,57.1 2000.000 Gary The Snail
621.1,266.4,102.5 2000.000 Charlie
1209.4,2659.8,36.9 2000.000 Cumbies
-2555.0,2334.8,33.4 2000.000 Cumbies
1246.3,-1485.5,33.9 4152.500 Foxtrot
1207.6,2660.5,36.9 2000.000 Moble
1209.9,2661.8,36.9 2000.000 Foxtrot
1208.2,2658.8,36.9 2000.000 Moble
2679.7,3264.4,54.4 27004.200 Station16
-70.7,-1761.5,28.5 3388.700 Station18
1208.5,2659.6,36.7 2000.000 Gary The Snail
1209.7,2659.6,36.9 2000.000 Echo
1181.1,-330.3,68.3 29737.700 Station25
1209.5,2658.7,36.8 2000.000 Foxtrot
1210.1,-1406.9,34.4 2000.000 Gary The Snail
2539.8,2594.8,37.0 27761.400 Station21
175.5,-1562.1,28.3 31166.800 Shell
2005.2,3774.4,31.4 26106.400 Station5
1211.8,2656.7,36.7 2000.000 Hess
-725.7,-935.2,18.2 32000.000 Foxtrot
819.0,-1028.6,25.5 26145.600 Station13
2581.1,361.6,107.7 31145.900 Station11
-319.8,-1471.7,29.7 30386.200 Station26
